# Created by Octave 5.1.0, Wed Oct 16 14:25:23 2019 CEST <maroov@maroovml3>
# name: avg
# type: matrix
# rows: 1
# columns: 784
 0 0 0 0 0 0 0 0 0 0 0 0 0.0020999999999999999 0.0078333333333333328 0.0035999999999999999 0.00014999999999999999 0 0 0 0 0 0 0 0 0 0 0 0 0 0 0 0 0.00026666666666666668 0.00091666666666666665 0.0092833333333333327 0.024283333333333334 0.043716666666666668 0.064100000000000004 0.12013333333333333 0.16073333333333334 0.17418333333333333 0.17743333333333333 0.18931666666666666 0.17415 0.18693333333333334 0.15365000000000001 0.10011666666666667 0.071233333333333329 0.053816666666666665 0.021366666666666666 0.010083333333333333 0.0035333333333333332 0 0 0 0 0 0 0.0010666666666666667 0.00069999999999999999 0.0069499999999999996 0.0054833333333333331 0.047100000000000003 0.1384 0.26418333333333333 0.50661666666666672 0.86680000000000001 1.2900833333333332 1.87035 2.5299499999999999 3.2016166666666668 3.6255500000000001 3.7219833333333332 3.39255 2.8029333333333333 2.0443833333333332 1.2021166666666667 0.63344999999999996 0.29616666666666669 0.093983333333333335 0.035216666666666667 0.0086333333333333331 0 0 0 0 0.0032333333333333333 0.0058500000000000002 0.012016666666666667 0.069766666666666671 0.21208333333333335 0.54610000000000003 1.1544166666666666 2.2159 3.6396333333333333 5.4379999999999997 7.4070499999999999 9.6967333333333325 11.883083333333333 13.237366666666667 13.124616666666666 11.813516666666667 9.5436666666666667 6.8630500000000003 4.1936499999999999 2.2746333333333335 1.0610333333333333 0.41306666666666669 0.16208333333333333 0.027766666666666665 0.0028 0 0 0.0006333333333333333 0.0052166666666666663 0.01435 0.080883333333333335 0.41021666666666667 1.0432333333333332 2.4192833333333335 4.7757500000000004 8.3944166666666664 13.310266666666667 19.4773 27.036683333333333 35.212166666666668 41.840800000000002 45.252600000000001 44.338833333333334 39.141449999999999 31.328216666666666 22.923933333333334 14.831016666666667 8.6614000000000004 4.5479666666666665 2.1370166666666668 0.8629 0.20774999999999999 0.029649999999999999 0.0020333333333333332 0 0 0.010316666666666667 0.063350000000000004 0.39546666666666669 1.4634 3.5877833333333333 7.2278166666666666 13.017116666666666 21.217916666666667 31.500399999999999 44.206366666666668 58.903849999999998 73.804150000000007 85.102733333333333 90.599783333333335 88.923933333333338 80.181250000000006 65.942816666666673 49.793833333333332 34.349833333333336 21.510000000000002 12.390316666666667 6.6391166666666663 2.9927166666666665 0.84366666666666668 0.14163333333333333 0.0047000000000000002 0 0.00018333333333333334 0.0275 0.22143333333333334 1.1195166666666667 3.2898999999999998 7.436466666666667 14.254433333333333 24.13775 37.288516666666666 53.115400000000001 70.912816666666671 89.278466666666674 106.23296666666667 118.50611666666667 124.09815 121.71133333333333 112.03333333333333 96.10811666666666 75.165366666666671 54.03711666666667 35.312483333333333 20.991900000000001 11.442433333333334 5.3877666666666668 1.8555833333333334 0.37269999999999998 0.030300000000000001 0.00078333333333333336 0.019733333333333332 0.10766666666666666 0.59565000000000001 2.3123999999999998 5.9287666666666663 12.43605 22.451799999999999 36.294783333333335 53.89841666666667 73.764716666666672 94.103083333333331 111.57948333333333 124.99991666666666 132.75911666666667 135.39869999999999 133.33865 126.67753333333333 113.54666666666667 93.744266666666661 69.777933333333337 46.832883333333335 28.143916666666666 15.20105 7.033666666666667 2.5830333333333333 0.5131 0.031883333333333333 0.0040666666666666663 0.05081666666666667 0.32936666666666664 1.31735 3.7481333333333335 8.4834666666666667 16.818183333333334 29.5974 46.930149999999998 68.106999999999999 90.291383333333329 108.47571666666667 119.43541666666667 123.39385 123.03805 122.34065 122.73005000000001 122.14409999999999 116.26093333333333 100.61060000000001 77.318033333333332 52.897599999999997 31.810616666666668 16.357666666666667 7.1856666666666671 2.6066166666666666 0.48158333333333331 0.027183333333333334 0.0048666666666666667 0.079466666666666672 0.51201666666666668 1.7193833333333333 4.4458166666666665 9.806633333333334 19.526483333333335 34.504816666666663 54.700899999999997 78.13803333333334 99.038700000000006 110.60046666666666 110.78755 104.55361666666667 99.047200000000004 99.388383333333337 104.33321666666667 110.88206666666666 111.07826666666666 99.146916666666669 77.040549999999996 52.705766666666669 31.448416666666667 15.392716666666667 5.9611333333333336 1.8979666666666666 0.35183333333333333 0.028216666666666668 0.0066666666666666671 0.098566666666666664 0.52303333333333335 1.6745833333333333 4.2890833333333331 9.876433333333333 20.539316666666668 37.189033333333334 59.715116666666667 83.39873333333334 100.2259 103.16881666666667 93.892133333333334 82.952816666666664 79.42283333333333 84.525016666666673 93.868583333333333 104.42753333333333 106.28118333333333 94.221866666666671 71.849066666666673 48.317250000000001 28.478183333333334 13.498166666666666 4.6005000000000003 1.1500999999999999 0.22183333333333333 0.018733333333333334 0.005933333333333333 0.076399999999999996 0.42088333333333333 1.2803666666666667 3.6460833333333333 9.5539000000000005 21.133233333333333 39.854516666666669 64.089216666666672 87.209666666666664 98.78058333333334 94.866849999999999 81.68353333333333 73.342766666666662 76.145066666666665 85.425550000000001 97.2928 107.48258333333334 105.50943333333333 89.029499999999999 64.94435 42.496883333333336 25.341100000000001 12.580216666666667 3.9898833333333332 0.60453333333333337 0.1245 0.0081666666666666658 0.0038 0.043683333333333331 0.24203333333333332 0.87881666666666669 3.0688333333333335 9.60745 22.777983333333335 43.57503333333333 68.971333333333334 90.256699999999995 97.893816666666666 91.082733333333337 79.70675 79.36911666666667 89.338700000000003 101.71451666666667 113.03786666666667 117.58110000000001 107.42671666666666 84.518883333333335 58.587166666666668 38.263449999999999 23.739233333333335 12.7121 4.294716666666667 0.44324999999999998 0.079783333333333331 0.010166666666666666 0.00053333333333333336 0.018249999999999999 0.12261666666666667 0.60733333333333328 2.9178333333333333 10.634166666666667 25.553799999999999 47.583716666666668 72.632233333333332 91.673649999999995 96.888416666666672 91.097733333333338 86.8673 96.966549999999998 111.37183333333333 123.97206666666666 129.80654999999999 126.59954999999999 108.88033333333334 81.157633333333337 55.225866666666668 37.204599999999999 23.972799999999999 13.643750000000001 5.1026833333333332 0.5847 0.082983333333333339 0.010866666666666667 0.0018833333333333334 0.0082500000000000004 0.054166666666666669 0.46618333333333334 3.0655833333333335 12.351266666666668 28.528066666666668 50.508383333333335 73.750616666666673 90.369183333333339 95.076983333333331 93.288533333333334 97.828950000000006 115.42131666666667 130.26724999999999 139.55359999999999 137.10063333333332 128.08574999999999 106.99451666666667 79.55395 56.096566666666668 38.943066666666667 25.537466666666667 14.616250000000001 5.7215833333333332 0.82030000000000003 0.092450000000000004 0.0022166666666666667 0.00073333333333333334 0.0038666666666666667 0.045100000000000001 0.50558333333333338 3.5605666666666669 14.408149999999999 30.988316666666666 51.209633333333336 71.440433333333331 85.732216666666673 91.381033333333335 94.242433333333338 105.04711666666667 123.2042 135.68943333333334 139.11005 131.80449999999999 121.43656666666666 101.3403 78.379266666666666 58.282899999999998 41.250933333333336 26.980116666666667 14.890599999999999 5.8282833333333333 1.0795666666666666 0.14821666666666666 0.010833333333333334 0.00066666666666666664 0.003966666666666667 0.074333333333333335 0.62296666666666667 4.4699666666666671 16.528966666666665 32.554916666666664 49.944733333333332 66.311716666666669 77.886266666666671 83.707049999999995 89.44841666666666 101.13601666666666 115.8574 